Branch,Mean_dNdS,Omega1,P1,Omega2,P2,Omega3,P3,LRT,p,p_Holm
AP31_CYMBIDIUM_FABERI_HM208536,0.451305,0.449139,0.395079,0.448995,0.118285,0.456222,0.486635,0,1,1
AP31_CYMBIDIUM_HYBRID_DQ683575,0.191262,0.194265,1,0.182344,0,0.282647,0,0,1,1
AP31_DENDROBIUM_CRUMENATUM_DQ119838,0.0781688,0.0819997,1,0.125292,0,0.0757479,0,0,1,1
AP31_DENDROBIUM_DEVONIANUM_GU132995,0.902084,0,0.465436,0,0.324739,258.322,0.209825,106.502,0,0
Node6,0.0333731,0.0376241,0.131871,0.0381831,0.868129,0.0190724,0,0,1,1
AP31_DENDROBIUM_HYBRID_EU927371,0.220513,0.18543,0,0.19853,0,0.220279,1,0,1,1
Node5,0.141373,0,0.599346,0,0.291353,1.70208,0.109301,-0.000319275,0.5,1
AP31_PHALAENOPSIS_EQUESTRIS_AY378149,0,0,1,0.000967261,0,0.622327,0,0,1,1
AP31_PHALAENOPSIS_HYBRID_AY771993,0,0,0.491164,0,0.232576,0,0.27626,0,1,1
Node12,0.170041,0.104716,0.794852,0.325108,0.200027,14.8483,0.00512131,0.135026,0.356638,1
AP32_ERYCINA_PUSILLA_,0.150562,0,0.6323,0,0.206581,1.16513,0.161119,0.037326,0.423401,1
Node11,0.0550259,0.0570426,0.0210305,0.0571632,0.97897,0.0199088,0,0,1,1
AP31_PHRAGMIPEDIUM_LONGIFOLIUM_FJ804106,0.396108,0.379184,0,0.446658,0,0.439793,1,0,1,1
AP31_SPIRANTHES_ODORATA_FJ804113,3.57525,0.000966879,0.480274,0.000973497,0.232692,0.624106,0.287034,0,1,1
Node17,0.266486,0,0.53715,0,0.241771,1.39455,0.221079,0.196822,0.328649,1
AP31_VANILLA_PLANIFOLIA_FJ804115,0.103945,0.1025,1,0.0940752,0,0.0939252,0,0,1,1
AP32_GONGORO_GALEATA_FJ804098,0.261275,0.15779,0.925482,0.158074,0.0492852,16.2315,0.0252328,2.16222,0.0707203,1
AP32_ONCIDIUM_GOWER_RAMSEY_AY196350,0.418191,0.322817,0,0.398328,0.0877286,0.398289,0.912271,0,1,1
Node26,0.206225,0.150107,0.939802,0.150612,0.0308033,754.342,0.0293947,3.94599,0.0234916,1
AP32_PHALAENOPSIS_EQUESTRIS_AY378148,0.445482,0.677183,0.467938,0,0.292381,0.664911,0.239681,0,1,1
Node25,0.223761,0.328945,0.549897,0,0.316933,0.307651,0.13317,0,1,1
AP32_SPIRANTHES_ODORATA_FJ804111,0.203536,0.157595,0.613768,0.153318,0.335075,18.4733,0.0511568,2.1278,0.072324,1
Node24,0.124638,0,0.672687,0,0.274128,2.73469,0.0531848,0.325905,0.28404,1
AP32_PHRAGMIPEDIUM_LONGIFOLIUM_FJ804105,0.677778,0.881263,0.687396,0,0.249684,104.941,0.06292,6.62342,0.00503232,0.473038
Node23,0.624577,0,0.00136371,0,0.446904,7.03462,0.551733,0.194857,0.329452,1
AP33_CYMBIDIUM_FABERI2_HM208535,0,0,0.468478,0,0.531522,0.596562,0,0,1,1
AP33_CYMBIDIUM_GOERINGII_HM106982,0.271032,0.329605,0.8848,0.332828,0.1152,0.338296,0,0,1,1
Node40,0.177488,0.182646,8.145e-05,0.182586,0.999919,0.214829,0,0,1,1
AP33_ERYCINA_PUSILLA_,0.0372286,0.0311387,1,0.00496135,0,0.163377,0,0,1,1
AP33_ONCIDIUM_GOWER_RAMSEY_HM140841,0.0193427,0.0335775,0.488727,0.0187165,0,0.0379504,0.511273,0,1,1
Node44,2.10533e-05,1.57759e-05,1,0.000775346,0,0.600989,0,0,1,1
AP33_GONGORA_GALEATA_FJ804099,0,0.00095999,0.470183,0.00096399,0.212106,0.616037,0.317711,0,1,1
Node43,0.000395752,0.0197978,0.916043,0.0199622,0.083957,0.0321406,0,0,1,1
Node39,0.0605578,0.0260722,0,0.0595871,1,0.0762942,0,0,1,1
AP33_PHALAENOPSIS_EQUESTRIS_AY378150,0.0440951,0.0430458,0.939434,0.0462271,0.060566,0.05255,0,0,1,1
Node38,0.0838685,0.096853,0.901422,0.0971212,0.098578,0.13664,0,0,1,1
AP33_DENDROBIUM_CRUMENATUM_DQ119839,0.114832,0.11088,0.899459,0.112348,0.100541,0.11775,0,0,1,1
AP33_DENDROBIUM_HYBRID_EU927372,0.170552,0.183318,1,0.0889598,0,0.471745,0,0,1,1
Node50,0.107906,0.104176,0.168746,0.0410252,0,0.106871,0.831254,0,1,1
AP33_DENDROBIUM_MONOLIFORME_EU056328,0.0867909,0.0870504,0.11712,0.0870057,0.0630188,0.0873023,0.819861,0,1,1
Node49,0,0,0.496077,0,0.214163,0,0.28976,0,1,1
Node37,0.0459303,0,0.805805,0,0.156669,1.49428,0.037526,0.127929,0.360294,1
AP33_HABENARIA_RADIATA_AB232663,0.142948,0.119581,0.859856,0.119531,0.128782,12.9807,0.0113618,2.55045,0.0551314,1
AP33_SPIRANTHES_ODORATA_FJ804110,0.043356,0.0445097,1,0.0331193,0,0.0780408,0,0,1,1
Node54,4.53764,0,0.941605,0,0.0425131,1542.04,0.0158819,6.6958,0.00483202,0.459042
Node36,0.0241559,0.00598427,0.80031,0.0459414,0.19969,0.177699,0,0,1,1
AP33_PHRAGMIPEDIUM_LONGIFOLIUM_FJ804107,0.454492,0.74032,0.34154,0.0662234,0.306497,0.696839,0.351963,0,1,1
Node35,0.159266,0.134154,1,0.0831968,0,0.313754,0,0,1,1
AP33_VANILLA_PLANIFOLIA_FJ804117,0.0993824,0.0526121,0.884056,0,0.0676223,1232.06,0.0483217,3.32997,0.0340141,1
Node34,0.231537,0.0268723,0.896997,0,0.0519646,7.48897,0.0510384,3.27963,0.0350723,1
AP34_ERYCINA_PUSILLA_,0.174798,0.178852,1,0.158117,0,0.19724,0,0,1,1
AP34_PHALAENOPSIS_EQUESTRIS_AY378147,0,0,0.483266,0,0.516734,0.603673,0,0,1,1
Node60,0.0767133,0.078244,1,0.074232,0,0.15407,0,0,1,1
AP34_PHRAGMIPEDIUM_LONGFOLIUM_FJ804108,0.0513446,0.0564375,1,0.0153526,0,0.236625,0,0,1,1
AP34_VANILLA_PLANIFOLIA_FJ804116,0.187184,0.134538,0.710434,0.13462,0.267068,19.6601,0.0224984,3.37339,0.0331287,1
Node63,0.195482,0.160348,0,0.139714,0,0.193572,1,0,1,1
Node59,0.0209555,0.0283225,1,0.149296,0,0.0280098,0,0,1,1
Node33,0.22,0.180141,0,0.202163,0,0.260422,1,0,1,1
PI_CYMBIDIUM_FABERI_HQ164433,0,0,0.482892,0,0.224265,0,0.292843,0,1,1
PI_CYMBIDIUM_GOERINGII_HM106984,49.0353,1,0.467982,0.951649,0,114.818,0.532018,0.501739,0.239369,1
Node72,0.0640019,0.0558983,0.186093,0.0283702,0,0.0559742,0.813907,0,1,1
PI_ERYCINA_PUSILLA_,0.0102735,0.00826092,0.390276,0.00378642,0.336219,0.0220913,0.273505,0,1,1
PI_ONCIDIUM_GOWER_RAMSEY_HM140842,0,0,0.483824,0,0.516176,0.59196,0,0,1,1
Node76,0.0727186,0.222724,0,0.253925,0,0.202937,1,0,1,1
PI_GONGORA_GALEATA_FJ804100,0.00982073,0.00932518,1,0.0127973,0,0.0253988,0,0,1,1
Node75,1.6504e-05,9.55277e-06,1,0.000774179,0,0.612683,0,0,1,1
Node71,0,0.000966115,0.459691,0.000966115,0.230356,0.611822,0.309953,0,1,1
PI_DENDROBIUM_MONOLIFORME_EU056326,0.0404903,0.0395493,0.121812,0.00644321,0,0.0398567,0.878188,0,1,1
Node70,0,0,1,0.000966261,0,0.591752,0,0,1,1
PI_PHALAENOPSIS_EQUESTRIS_AY678299,0,0,0.493872,0,0.207698,0,0.29843,0,1,1
PI_PHALAENOPSIS_HYBRID_AY748818,0,0,1,0.000964879,0,0.665252,0,0,1,1
PI_PHALAENOPSIS_HYBRID_AY771991,0.188536,0,0.717606,0,0.270342,28.3559,0.0120517,4.51372,0.016812,1
PI_PHALAENOPSIS_HYBRID_AY771992,0,0,0.469876,0,0.530124,0.600365,0,0,1,1
Node83,0,0,0.489326,0,0.233072,0,0.277602,0,1,1
Node81,0.0513339,0.0464107,0,0.0513952,0,0.0532841,1,0,1,1
Node69,0,0.0356256,0.30313,0.0357349,0.515514,0.0356464,0.181356,0,1,1
PI_VANILLA_PLANIFOLIA_FJ804118,0.0373801,0.0344075,1,0.0426298,0,0.0371928,0,0,1,1
Node68,0.197304,0,0.429648,0,0.554797,26.7757,0.0155546,1.50048,0.110299,1
PI_SPIRANTHES_ODORATA_FJ804114,0.0184561,0.014689,1,0.0107453,0,0.067443,0,0,1,1
Node67,0,0,0.516564,0,0.483436,0.109497,0,0,1,1
PI_HABENARIA_RADIATA_AB232664,0.0774266,0,0.923599,0,0.0533624,4.62275,0.0230386,1.36677,0.121184,1
PI_ORCHIS_ITALICA_AB537504,0.0400709,0.0406687,1,0.00880607,0,0.186848,0,0,1,1
Node89,4.17006,0,0.985663,7.5e-08,0.00292284,3796.58,0.0114142,1.89154,0.0845139,1
Node66,0.467651,0.774522,0.476861,0,0.288443,461.401,0.234696,3.99339,0.0228396,1
Node32,0.243181,0.0215341,0.782655,0.879626,0.183495,642.418,0.03385,1.44378,0.114765,1
Node22,0.34034,0.230157,1,0.740823,0,0.0248442,0,0,1,1
Node20,0.129847,0,0.683695,0,0.177893,1.11297,0.138412,0.000337063,0.492676,1
Node16,0.0956183,0.0967482,1,0.0830442,0,0.121756,0,0,1,1
Node10,0.121298,0,0.973594,0,0.0206773,51.2324,0.00572873,5.22757,0.0111158,1
Node4,0.113561,0,0.674211,0,0.287661,3.81027,0.0381281,0.995288,0.159227,1
AP31_ERYCINA_PUSILLA_,0.107589,0.0453669,0.622817,0.0402106,0.248828,0.597297,0.128355,0,1,1
AP31_ONCIDIUM_GOWER_RAMSEY_HM140840,0.154707,0.174403,0,0.176735,0.189763,0.180022,0.810237,0,1,1
Node93,0.217368,0.22165,0.789674,0.250819,0.210326,0.292622,0,0,1,1
AP31_GONGORA_GALEATA_FJ804097,0.245088,0.241618,0.847212,0.241804,0.152788,0.291321,0,0,1,1
Node92,0.253079,0,0.782314,0,0.0981823,2.4577,0.119504,0.192349,0.330484,1
Node3,0.092965,0.101141,1,0.0820123,0,0.124986,0,0,1,1